1 40903U 15049E   21257.91921175  .00005705  00000-0  11830-3 0  9990
2 40903  97.2266 312.1252 0013371  54.1348 118.2601 15.46035304336615
1 39444U 13066AE  21257.73193878  .00000457  00000-0  61838-4 0  9999
2 39444  97.5915 239.8523 0056489 217.1660 142.5638 14.82514265421250
1 07530U 74089B   21257.87889097 -.00000032  00000-0  84451-4 0  9998
2 07530 101.8643 232.3169 0011916 209.3574 263.8005 12.53650244142939
1 40054U 14034B   21257.47202744  .00000695  00000-0  10265-3 0  9999
2 40054  98.3336  53.5960 0013859 116.9126 243.3501 14.78541062388686
1 20442U 90005G   21257.44265831  .00000011  00000-0  20779-4 0  9997
2 20442  98.7499 213.7551 0010622 259.0461 100.9528 14.32996889653572
1 43937U 19003F   21257.89767476  .00002983  00000-0  11714-3 0  9999
2 43937  97.1695 297.4801 0024374  58.0054 302.3549 15.26179837147904
1 42017U 17008BX  21257.59814275  .00003743  00000-0  13668-3 0  9992
2 42017  97.3083 323.5954 0007010 140.5375 219.6377 15.28713430254875
1 44881U 19093C   21257.96019037  .00000117  00000-0  21664-4 0  9991
2 44881  97.9197 335.7960 0015436   7.6105 352.5328 14.81479871 93987